0.99997056
0.7510411
0.9249359
0.5629216
0.67285085
0.7098184
0.6306247
0.51528
0.114671506
0.41633818
1.0529482e-05
0.6338734
0.68057984
0.62206113
0.4654173
9.084722e-12
0.5781611
0.7310291
0.4420668
0.7563983
0.74334264
0.111807495
9.804974e-06
0.3558277
0.6001424
0.99904054
0.7388509
7.185691e-15
0.83798367
0.99996185
0.65806144
0.7362738
0.99750745
0.8728225
0.80511546
1.0
0.7229215
0.000111749585
4.156113e-10
0.99999344
0.7510059
0.32881123
0.67322564
0.98626953
0.5570979
0.99999905
0.65275663
0.48827434
0.63936704
0.6487604
0.6600434
0.3706109
0.6220279
0.018740967
0.5821491
0.0011956636
0.31567255
0.00060959335
0.7921575
0.003215503
0.9999857
0.5716781
0.698687
0.008529285
0.73876816
0.70257527
0.5446666
0.71199554
0.73858774
0.72997123
0.6072679
0.9999982
0.6195285
0.99971956
0.64766103
0.84073764
0.7656673
0.5225954
1.4728247e-05
0.8917949
0.50457424
1.0
0.7884678
2.6246764e-16
0.9999914
0.99560213
0.3303057
4.955016e-05
0.55911714
0.48616716
0.9864922
0.9520842
0.7789533
0.6281788
0.90149856
0.25330955
0.39429468
0.77854455
0.9658699
0.65394235
0.7698483
1.0
1.5875488e-10
1.6671807e-05
0.9584426
0.5343069
0.5556396
0.5907141
0.7020993
0.6198003
0.34093148
0.9860488
0.9484307
0.5973271
0.76780885
0.991083
0.45586702
0.8757431
0.9989089
0.951315
0.9999831
0.0017108797
0.93247133
0.5667016
0.40560597
0.76489407
0.70536405
1.0
0.48320106
0.60993254
0.0006055786
0.7602278
0.99998415
0.6573291
0.922991
0.9976471
0.004457416
0.9598154
0.9760868
0.66508144
0.32242683
0.9997688
0.6759515
0.00058497966
0.56176114
0.9994072
0.99913126
0.020022029
0.0016755059
0.60125726
0.720569
0.24373625
0.97915626
0.5454724
0.63632196
0.4297908
0.7596375
0.3352647
0.53692836
0.6409879
0.5310265
0.73055327
0.9999981
1.0
0.9999865
0.99802065
0.96675104
0.00029487867
0.4571611
0.68179756
0.8399277
0.79993325
0.84499437
0.67849046
0.4495233
0.98896617
0.6349756
1.0
0.6351121
0.8173091
0.57173383
0.9794295
0.99999344
0.5648944
0.41579688
0.9999844
0.7019106
0.9864174
0.5893017
0.7939404
0.99999964
0.58851445
0.70740277
0.72443074
0.6812773
0.6453486
2.2045046e-05
1.0
0.9885739
0.5693323
0.9995264
0.91752326
0.700466
0.8180004
0.5921689
0.99980444
0.9497771
0.0016683295
0.8959435
2.9146026e-05
0.8648399
0.72197
1.0
0.5468078
0.5149767
0.65652347
0.5141037
0.3326434
0.00045651494
0.037287395
2.2052421e-07
0.65632427
0.26275137
0.9867426
0.70824796
0.9999995
0.7568015
0.7646524
2.6101877e-06
0.6797802
0.99997556
0.5314332
0.6407173
0.6591423
0.007045424
0.91739887
0.41661203
1.0
0.8380137
0.82982785
0.43654382
0.77706146
0.5129663
0.9993844
0.9056174
0.99748397
0.81608963
0.5387171
0.4679052
0.626883
0.21946059
0.5364219
0.99993515
0.9893856
0.6683507
0.9998952
2.6334283e-06
0.596551
4.3243332e-08
6.4862106e-06
0.002459889
0.011126288
0.66205984
0.52574515
0.7716396
0.41419294
0.99999857
0.6882457
0.6046744
0.6222584
0.66207373
0.6626526
0.8781639
0.9960044
0.5916857
0.7654616
0.74308777
0.9741354
0.9055332
0.9724053
0.6278176
0.9999908
0.6407532
1.0
0.5297571
0.6385725
0.4610325
0.63731265
0.33463627
0.60168856
0.98735505
0.52851987
0.999856
0.9533132
0.6664889
3.320433e-13
0.6592996
0.5222363
1.0
0.8233869
1.0
0.8380579
1.0
1.5248894e-07
2.511596e-07
0.6031826
0.38718402
0.99999404
0.33785388
0.5922148
0.34354013
0.43819153
0.8497591
0.5059391
0.51635957
0.9997228
0.67416126
0.7025651
0.76898074
0.54928476
0.7811982
0.9999999
0.6266888
0.003885907
0.9643448
0.9992675
1.0
5.4681276e-08
1.4035905e-14
0.58355975
0.6552753
0.083110675
0.7088704
0.4912012
0.6219856
0.91252404
0.84909004
0.2956251
0.8272851
0.78575206
0.59666187
0.9746215
1.6812982e-10
0.5808732
1.0
0.72219014
0.6389971
0.5605631
0.67153305
0.59390974
0.62418896
0.7385053
0.9999958
6.639506e-05
0.6251568
0.14654627
0.9999987
0.9999627
0.97813845
0.42226502
0.99583226
0.6640086
0.5519684
0.99719125
0.61066514
0.57476765
0.68950707
0.99841964
0.4601935
0.78946805
0.7894822
0.9999937
0.6756182
0.99999785
0.863281
0.5193619
0.80482525
0.7340481
0.67652017
0.5440399
0.2259555
0.6462794
0.99571663
0.9997756
0.3025003
0.99999917
0.99998486
0.4077347
0.5551648
0.6236925
0.66127634
0.8347587
0.8382502
0.99192375
0.9997309
0.00037421528
0.75068027
0.65580547
0.95586616
0.5687046
0.99348056
0.7616586
0.77962524
0.6095885
0.03636333
0.67542356
0.4235762
5.4096294e-05
0.69148594
0.0005770722
0.5776028
0.54384077
0.3686809
0.00030801163
0.5311694
0.62413335
0.4884496
0.6582898
0.9286644
0.069223404
0.53844684
0.57852894
0.6015572
0.9992392
0.990807
0.00084426976
0.33205983
0.9424499
0.89834857
0.99999976
0.18259159
1.0
0.5680802
0.9452158
0.5852345
0.92566115
0.6769117
0.99837154
0.70550656
0.6879179
0.66824394
0.9445966
0.5944261
1.0
0.6410923
0.5471483
0.9981875
0.49195027
0.89998955
0.0018544816
0.023558049
0.6286529
0.9763346
0.195023
0.9999993
0.6954905
1.4223586e-14
0.54502106
0.73437494
0.64512837
0.89579016
0.6809496
0.6606141
0.6508484
0.5982714
0.66257554
0.86634696
0.5609674
0.9999999
1.0
0.43738496
3.600131e-05
0.6470575
0.984313
0.5485721
0.72330797
0.6913116
0.0110229645
0.51661795
0.97794
0.99176335
0.9582188
0.62925875
0.9836295
0.7024593
0.8033744
0.32504177
0.80176497
0.5460721
0.9948167
1.4591738e-08
2.6746613e-06
0.12742381
0.31780934
0.0481859
0.26178738
0.6737262
0.61992013
0.87538356
0.0062890644
0.5657828
0.4151658
0.9158692
0.9998723
0.66770065
0.38272232
0.99893624
0.92069626
0.9459626
0.93121755
0.9999682
0.91346514
0.5297359
0.9980253
0.5807302
0.28027302
0.44912896
0.9999962
0.69598347
0.0021278863
0.07154475
0.9849185
0.597143
0.6510951
0.8385178
0.99955374
0.11259969
0.7605256
0.057802144
0.6842099
0.9851083
0.6395804
0.15043612
0.65749955
0.07139488
0.5696704
0.0013778008
0.5483336
0.56748164
0.5477139
0.99999034
0.4498892
0.005072179
0.54346144
0.14146449
0.8827668
0.5092578
0.968072
0.983344
0.99820507
0.9963948
0.6759089
0.76753604
0.677344
1.0
0.7365174
0.00022935838
0.6241819
0.017490774
0.058692027
1.0
0.45681098
0.8931288
0.6067927
0.7832455
0.90412253
0.99346715
0.4755779
0.5774219
0.5200961
1.0
0.9996625
0.19923894
0.9684728
0.65973663
0.8820621
0.99999917
0.4953079
0.47158396
0.6205191
0.9999982
0.99946135
0.52055645
0.99963856
0.9998925
1.1611441e-16
0.9951509
0.6047828
0.6450706
0.00552214
0.6288817
0.9921036
0.6084546
0.006760315
0.34706298
0.1818782
0.23887335
0.99997497
0.5233951
0.9899895
0.9997285
2.0231396e-06
0.67170715
0.5846001
0.7342579
0.9636902
0.10739288
0.011169417
0.5714119
0.7822236
0.09900819
0.892098
0.7108791
3.7833033e-05
0.5956117
0.5827573
1.6984046e-05
0.99332184
0.46560004
1.0
0.8070187
0.97191626
0.7118005
0.26904285
0.6963488
0.3972552
0.99794143
0.99832827
1.0
0.7599032
0.91568506
0.93176836
7.167697e-17
0.6781556
0.97633857
3.7955404e-06
0.6865773
0.9511741
0.5640038
0.7455432
0.5160573
0.52297074
0.99967766
0.546951
0.27262145
0.9997849
0.825804
0.6846712
0.8344458
0.17529878
0.49300233
0.62164694
0.6396918
0.7616376
0.69854426
0.5952387
0.96848494
0.19066645
0.6220077
0.46170726
0.008986584
0.34595528
0.5642229
0.69507307
0.65262836
0.026323069
0.8261696
0.9989134
0.95167285
0.109159
0.63153374
0.999744
0.99999964
0.008276027
2.960762e-05
0.06583491
0.26322922
0.501728
1.5015881e-05
0.85634595
0.91785717
0.99868757
0.574614
0.18596509
1.0
0.84605163
0.604467
0.9994803
0.6711685
0.6620757
0.6979234
0.024856541
0.67749184
0.96065056
0.0664727
1.6348672e-08
0.0039128754
0.99999166
0.8240838
1.0
0.5727803
0.9940859
0.77474684
0.4945428
0.6241353
0.9860183
0.0031265484
0.60314673
0.6617978
0.6134209
0.99885285
0.6587829
7.93186e-17
0.9995547
0.9999455
0.43819964
0.6459977
0.3659227
3.2438734e-07
0.75792384
0.6972374
0.57708395
0.6638564
0.9999999
0.9963736
0.9999821
0.5792542
0.9525363
0.53368884
0.33709812
0.9999945
0.99912685
0.6476885
0.6625617
0.89878833
0.8199522
0.15337248
0.99549747
0.65108895
0.6671038
0.8553838
0.5911769
0.33398798
0.99963546
0.9996871
0.6235634
0.001534438
0.7274145
0.60220516
0.9997111
0.79846793
0.77204007
0.8943975
3.128439e-10
0.99603385
0.92828923
0.6311182
0.4817575
0.5850016
0.5282001
0.9999999
0.9738283
0.025827756
0.00016960422
0.3581028
0.3989139
0.9999976
0.9634034
0.6481161
0.21439944
0.7791777
0.9974366
0.99988794
0.99987555
0.6899238
0.47766623
0.62409127
0.7413065
0.77847046
0.9977387
0.6672712
0.82178026
0.7066514
0.70604223
0.7749384
0.041383754
0.63070846
0.3795848
0.9895481
0.95524925
0.606931
0.9996797
0.4848144
0.4103937
0.7465644
6.4957145e-05
0.68795174
0.5372985
0.8052959
1.0
0.99977046
0.9933343
0.64996994
0.0058781393
0.49341536
1.0
0.39535847
0.99466705
0.5751184
0.9999888
8.4334146e-12
0.98801583
0.6895283
0.00035881734
0.68699664
0.41644722
0.8606477
0.85823953
0.8546052
0.64324063
0.9807736
0.50696826
0.9998636
0.9676274
0.6141291
0.0008176056
1.0
0.3631913
0.75065845
0.9952874
0.6563623
0.6654583
1.0
0.81430906
0.7288199
1.0
0.6304933
0.70843315
0.7132316
0.43792757
1.0
0.9471907
1.0
0.68109655
0.23982987
0.54331124
0.9906921
0.63922143
0.674647
0.77569175
0.71618915
0.57335746
0.17199838
0.34371883
0.96477723
0.68892676
0.41646013
0.60294056
0.61013377
0.55034226
0.99087113
0.29169196
0.6063319
0.68251944
0.44482228
0.99998
0.6057695
0.19750018
0.71630275
0.25664306
0.5040628
1.0
0.49952808
0.8651635
0.7945594
0.8228328
0.025323637
0.3643181
0.6392558
0.7550156
0.58606094
0.7205862
0.9948308
0.89181066
0.9084374
0.41175464
0.69479644
0.0179907
0.5804522
0.68183964
0.82252336
9.4603024e-08
0.719207
0.47448713
4.826673e-08
0.00012871345
0.4066201
0.6959773
0.8008554
0.08055197
0.6659508
0.9814663
0.011829525
0.6971673
0.03478847
0.6291561
5.2080344e-07
0.00035951618
0.9964534
0.5939902
0.6635252
0.11261333
0.99999595
0.8602087
0.9999908
0.60378283
0.59120244
0.082887486
0.5931704
0.70817924
0.99405825
0.61858076
2.4651971e-29
0.61182463
0.7029133
0.1800247
0.50249565
0.64952934
0.58821946
0.5815289
0.6241605
0.9944734
0.99944204
0.3811369
0.7114723
0.8334964
0.67258835
0.80727035
0.81175554
0.70452285
0.45844996
0.9374334
0.6846817
0.9999994
0.38942453
2.3021398e-08
0.59477866
0.07020336
0.9973258
0.77042526
0.9959124
0.99995816
1.0
0.7459475
0.9988902
0.6041006
0.6913316
0.79402703
0.055739813
0.0064685107
0.2996032
0.8920329
0.47336462
0.54412776
0.6009942
0.00033677407
0.9826234
0.11835866
0.5845164
0.5479842
0.68188035
0.27299705
0.47172308
0.65754247
0.6312151
1.0
0.9275996
0.14168522
0.5600262
1.0
1.0
1.0
0.67265904
1.0
0.9973736
0.5296256
0.99999857
0.46770254
0.7978374
0.48614398
0.99997425
0.6485458
0.8889271
0.2633648
0.37600073
0.6762548
0.615664
9.970486e-07
0.66661
0.6709432
